Sorvetes Inc.
11/09/2018
100
898
15
-30
-27
-20
-24
-15
-10
-4
-5
-7
0
10
12
15
20
25
35	
51	
46	
53	
33	
22	
22	
58	
24	
57	
44	
47	
32	
46	
20	
57	
47	
60	
31	
27	
35	
42	
38	
46	
45	
54	
50	
50	
39	
57	
57	
51	
38	
31	
25	
58	
25	
35	
59	
50	
44	
31	
44	
58	
41	
43	
24	
45	
38	
31	
43	
54	
56	
25	
52	
25	
53	
35	
50	
40	
57	
30	
24	
40	
44	
26	
59	
58	
20	
44	
52	
37	
60	
59	
49	
41	
29	
24	
45	
35	
33	
46	
50	
29	
57	
28	
31	
58	
23	
53	
55	
25	
31	
48	
29	
36	
51	
57	
46	
44	
60	
56	
60	
38	
23	
25	
48	
54	
25	
53	
38	
42	
57	
48	
60	
33	
21	
44	
49	
59	