Metais Inc.
20/01/2019
1000
2000
40
20
26
24
23
27
28
30
32
35
36
37
38
40
42
41
40
45
50
52
54
56
60
65
70
75
80
85
88
87
86
85
90
100
110
115
120
140
137
138
140
54	
54	
31	
64	
32	
41	
53	
52	
46	
26	
69	
18	
74	
71	
71	
74	
76	
57	
13	
41	
19	
28	
33	
78	
16	
16	
29	
22	
69	
17	
15	
35	
77	
32	
60	
17	
49	
77	
51	
33	
39	
10	
50	
48	
33	
57	
40	
62	
44	
37	
28	
54	
53	
57	
54	
60	
48	
46	
16	
78	
66	
18	
58	
20	
54	
33	
74	
34	
15	
26	
26	
49	
51	
55	
44	
26	
27	
27	
55	
76	
29	
13	
48	
21	
56	
44	
42	
36	
24	
46	
26	
11	
42	
15	
49	
46	
69	
53	
68	
42	
77	
71	
21	
44	
43	
46	
56	
36	
23	
38	
38	
80	
70	
78	
52	
21	
12	
73	
21	
47	
36	
30	
32	
43	
53	
63	
21	
75	
51	
25	
28	
44	
78	
57	
14	
68	
67	
36	
12	
70	
45	
10	
72	
33	
80	
28	
65	
38	
31	
43	
13	
78	
71	
61	
72	
50	
61	
57	
53	
60	
55	
80	
52	
70	
14	
67	
18	
41	
62	
35	
47	
53	
19	
22	
25	
44	
35	
66	
66	
45	
13	
27	
46	
58	
11	
77	
55	
17	
80	
33	
66	
22	
27	
49	
39	
66	
52	
48	
48	
47	
63	
62	
63	
35	
77	
47	
67	
77	
48	
80	
35	
45	
32	
65	
70	
39	
42	
39	
45	
29	
71	
22	
50	
52	
53	
12	
53	
70	
45	
70	
76	
35	
79	
28	
63	
67	
60	
38	
65	
38	
22	
53	
66	
44	
56	
11	
64	
65	
43	
54	
31	
51	
14	
17	
41	
50	
43	
34	
48	
42	
68	
66	
63	
50	
32	
70	
80	
18	
37	
34	
46	
66	
57	
78	
35	
14	
64	
22	
17	
33	
78	
28	
15	
42	
45	
36	
73	
73	
50	
79	
71	
34	
42	
56	
15	
15	
29	
80	
39	
70	
14	
42	
73	
24	
20	
48	
21	
46	
65	
77	
48	
17	
24	
75	
22	
41	
51	
28	
67	
71	